0.514119127637
0.526757930878
0.475735665377
0.738195951631
0.570175000286
0.930830374847
0.626905204158
0.867548939537
0.881035850637
0.82367058736
0.528614446503
0.970536331682
0.826177994624
0.398228589673
0.10709560011
0.656099143004
0.528818310257
0.38675084915
0.299900221607
0.435458155487
0.586898579776
0.942811191752
0.285340886575
0.502508075147
0.310159008766
0.0458931348762
0.641617948801
0.734427115196
0.658336582597
0.900575648824
0.390046308846
0.576853119226
0.539958493215
0.677203504492
0.11241784833
0.107367272614
0.0193758761605
0.347073944573
0.175242943088
0.597446984695
0.652327918433
0.825491182088
0.923311475542
0.834800174933
0.305358308507
0.146740074176
0.606738696311
0.358459297919
0.962932309045
0.274134175715
0.336751985401
0.128785617108
0.908771093737
0.364982722648
0.00440213556487
0.322411713947
0.513867766899
0.284024302381
0.826349951545
0.528342690205
0.544713859493
0.391452101632
0.854730549661
0.987434696148
0.436689948677
0.0778533838464
0.519262083603
0.000503054637118
0.506179890475
0.793793345246
0.531039745646
0.000639943347838
0.58711141494
0.299395944963
0.239681160445
0.358348406458
0.453888753844
0.970154476771
0.108161174308
0.391377238089
0.470525239566
0.708761733514
0.441182496288
0.988989229179
0.968428603993
0.0141340771206
0.793833486786
0.862848578563
0.351199863542
0.0953247906959
0.111917013171
0.417912119953
0.631673888701
0.693423331335
0.395395576772
0.783025480634
0.998404847584
0.536741484453
0.060449056536
0.0934701256652
0.441196945155
0.580855721248
0.479542112755
0.396129649641
0.280762544606
0.720147129873
0.134526781085
0.00870193182936
0.0739495593882
0.134666481091
0.336819656616
0.867584420956
0.297861795213
0.0470532240385
0.501639060751
0.462338726785
0.661450405598
0.112188612672
0.218655207643
0.810997678027
0.643459403251
0.952551947646
0.298231218078
0.51963557891
0.421581573187
0.505543166722
0.888108133132
0.444990196217
0.124262395118
0.100534555492
0.97469982532
0.352120759281
0.404653319635
0.610142052538
0.156739176154
0.0686602508033
0.684208873232
0.709121629401
0.991039587215
0.143981221991
0.48135791411
0.820682922943
0.0582195435011
0.349940654777
0.172624479344
0.380929329024
0.457169481181
0.56290971063
0.15829692509
0.932388504432
0.328836533486
0.716301173589
0.873554945034
0.752636373046
0.515227826297
0.867668821958
0.120778757855
0.571346419405
0.716985807904
0.708355658232
0.0722443980301
0.941880067899
0.977334301157
0.453394350777
0.869187466887
0.483593316238
0.886230375256
0.912389072198
0.738127987990
0.515222198789
0.203971298464